Frame,Visibility,X,Y,Time
0,1,592,336,00:00:00.0
1,1,591,331,00:00:00.03333333333333333
2,1,591,330,00:00:00.06666666666666667
3,0,0,0,00:00:00.1
4,0,0,0,00:00:00.13333333333333333
5,0,0,0,00:00:00.16666666666666666
6,0,0,0,00:00:00.2
7,0,0,0,00:00:00.23333333333333334
8,0,0,0,00:00:00.26666666666666666
9,0,0,0,00:00:00.3
10,0,0,0,00:00:00.3333333333333333
11,0,0,0,00:00:00.36666666666666664
12,1,612,307,00:00:00.4
13,1,631,286,00:00:00.43333333333333335
14,1,646,267,00:00:00.4666666666666667
15,1,657,253,00:00:00.5
16,1,657,251,00:00:00.5333333333333333
17,1,671,241,00:00:00.5666666666666667
18,1,681,231,00:00:00.6
19,1,691,223,00:00:00.6333333333333333
20,1,701,218,00:00:00.6666666666666666
21,1,707,213,00:00:00.7
22,1,708,213,00:00:00.7333333333333333
23,1,716,211,00:00:00.7666666666666666
24,1,723,211,00:00:00.8
25,1,731,213,00:00:00.8333333333333334
26,1,736,216,00:00:00.8666666666666667
27,1,741,221,00:00:00.9
28,1,742,221,00:00:00.9333333333333333
29,1,746,226,00:00:00.9666666666666667
30,1,753,233,00:00:01.0
31,1,757,243,00:00:01.0333333333333332
32,1,761,253,00:00:01.0666666666666667
33,1,766,266,00:00:01.1
34,1,766,266,00:00:01.1333333333333333
35,1,768,278,00:00:01.1666666666666667
36,1,773,293,00:00:01.2
37,1,776,310,00:00:01.2333333333333334
38,1,778,326,00:00:01.2666666666666666
39,1,782,340,00:00:01.3
40,1,781,340,00:00:01.3333333333333333
41,1,781,335,00:00:01.3666666666666667
42,1,778,327,00:00:01.4
43,1,778,321,00:00:01.4333333333333333
44,1,776,320,00:00:01.4666666666666666
45,1,776,320,00:00:01.5
46,1,776,320,00:00:01.5333333333333332
47,1,775,321,00:00:01.5666666666666667
48,1,773,321,00:00:01.6
49,1,772,326,00:00:01.6333333333333333
50,1,771,328,00:00:01.6666666666666667
51,1,771,335,00:00:01.7
52,1,770,335,00:00:01.7333333333333334
53,1,770,340,00:00:01.7666666666666666
54,0,0,0,00:00:01.8
55,0,0,0,00:00:01.8333333333333333
56,0,0,0,00:00:01.8666666666666667
57,1,758,337,00:00:01.9
58,1,757,337,00:00:01.9333333333333333
59,1,753,332,00:00:01.9666666666666666
60,1,748,332,00:00:02.0
61,1,746,331,00:00:02.033333333333333
62,1,743,332,00:00:02.0666666666666664
63,1,741,333,00:00:02.1
64,1,738,333,00:00:02.1333333333333333
65,1,736,337,00:00:02.1666666666666665
66,1,731,342,00:00:02.2
67,1,728,348,00:00:02.2333333333333334
68,1,725,356,00:00:02.2666666666666666
69,1,722,366,00:00:02.3
70,1,721,366,00:00:02.3333333333333335
71,1,718,372,00:00:02.3666666666666667
72,1,715,383,00:00:02.4
73,1,711,396,00:00:02.433333333333333
74,1,707,408,00:00:02.466666666666667
75,1,706,422,00:00:02.5
76,1,703,422,00:00:02.533333333333333
77,1,701,435,00:00:02.5666666666666664
78,1,701,447,00:00:02.6
79,0,0,0,00:00:02.6333333333333333
80,0,0,0,00:00:02.6666666666666665
81,0,0,0,00:00:02.7
82,0,0,0,00:00:02.7333333333333334
83,0,0,0,00:00:02.7666666666666666
84,0,0,0,00:00:02.8
85,0,0,0,00:00:02.8333333333333335
86,0,0,0,00:00:02.8666666666666667
87,1,675,351,00:00:02.9
88,1,675,351,00:00:02.933333333333333
89,1,675,346,00:00:02.966666666666667
90,1,671,336,00:00:03.0
91,1,668,331,00:00:03.033333333333333
92,1,667,326,00:00:03.0666666666666664
93,0,0,0,00:00:03.1
94,0,0,0,00:00:03.1333333333333333
95,0,0,0,00:00:03.1666666666666665
96,0,0,0,00:00:03.2
97,0,0,0,00:00:03.2333333333333334
98,0,0,0,00:00:03.2666666666666666
99,0,0,0,00:00:03.3
100,0,0,0,00:00:03.3333333333333335
101,0,0,0,00:00:03.3666666666666667
102,1,655,336,00:00:03.4
103,1,653,346,00:00:03.433333333333333
104,1,653,355,00:00:03.466666666666667
105,1,650,361,00:00:03.5
106,1,651,361,00:00:03.533333333333333
107,1,646,365,00:00:03.5666666666666664
108,1,633,361,00:00:03.6
109,1,623,351,00:00:03.6333333333333333
110,1,616,346,00:00:03.6666666666666665
111,1,610,345,00:00:03.6999999999999997
112,1,607,345,00:00:03.7333333333333334
113,1,601,343,00:00:03.7666666666666666
114,1,586,341,00:00:03.8
115,1,581,341,00:00:03.8333333333333335
116,1,573,341,00:00:03.8666666666666667
117,1,571,346,00:00:03.9
118,1,568,346,00:00:03.933333333333333
119,1,563,351,00:00:03.966666666666667
120,1,558,357,00:00:04.0
121,1,553,366,00:00:04.033333333333333
122,1,546,376,00:00:04.066666666666666
123,1,541,382,00:00:04.1
124,1,538,385,00:00:04.133333333333333
125,1,533,393,00:00:04.166666666666667
126,1,526,406,00:00:04.2
127,1,521,421,00:00:04.233333333333333
128,1,516,433,00:00:04.266666666666667
129,1,511,447,00:00:04.3
130,1,510,450,00:00:04.333333333333333
131,1,506,463,00:00:04.366666666666666
132,1,501,482,00:00:04.4
133,1,496,498,00:00:04.433333333333334
134,1,507,481,00:00:04.466666666666667
135,1,546,363,00:00:04.5
136,1,548,361,00:00:04.533333333333333
137,1,563,313,00:00:04.566666666666666
138,1,578,273,00:00:04.6
139,1,591,240,00:00:04.633333333333333
140,1,601,212,00:00:04.666666666666667
141,1,613,190,00:00:04.7
142,1,611,191,00:00:04.733333333333333
143,1,621,168,00:00:04.766666666666667
144,1,627,151,00:00:04.8
145,1,636,136,00:00:04.833333333333333
146,1,641,122,00:00:04.866666666666666
147,1,646,113,00:00:04.9
148,1,647,112,00:00:04.933333333333334
149,1,653,106,00:00:04.966666666666667
150,1,658,98,00:00:05.0
151,1,665,93,00:00:05.033333333333333
152,1,670,88,00:00:05.066666666666666
153,0,0,0,00:00:05.1
154,0,0,0,00:00:05.133333333333333
155,0,0,0,00:00:05.166666666666667
156,1,682,86,00:00:05.2
157,1,686,88,00:00:05.233333333333333
158,1,691,91,00:00:05.266666666666667
159,1,693,96,00:00:05.3
160,1,696,96,00:00:05.333333333333333
161,1,697,101,00:00:05.366666666666666
162,1,703,106,00:00:05.4
163,1,706,115,00:00:05.433333333333334
164,1,711,123,00:00:05.466666666666667
165,1,712,135,00:00:05.5
166,1,713,133,00:00:05.533333333333333
167,1,716,141,00:00:05.566666666666666
168,1,721,153,00:00:05.6
169,1,721,166,00:00:05.633333333333333
170,1,726,178,00:00:05.666666666666667
171,0,0,0,00:00:05.7
172,0,0,0,00:00:05.733333333333333
173,0,0,0,00:00:05.766666666666667
174,1,625,278,00:00:05.8
175,1,602,300,00:00:05.833333333333333
176,1,571,328,00:00:05.866666666666666
177,1,551,351,00:00:05.9
178,1,551,350,00:00:05.933333333333334
179,1,531,370,00:00:05.966666666666667
180,1,512,391,00:00:06.0
181,1,496,411,00:00:06.033333333333333
182,1,481,431,00:00:06.066666666666666
183,1,466,450,00:00:06.1
184,1,466,451,00:00:06.133333333333333
185,1,451,472,00:00:06.166666666666667
186,1,438,491,00:00:06.2
187,1,426,512,00:00:06.233333333333333
188,1,417,527,00:00:06.266666666666667
189,0,0,0,00:00:06.3
190,0,0,0,00:00:06.333333333333333
191,0,0,0,00:00:06.366666666666666
192,1,451,366,00:00:06.4
193,1,455,341,00:00:06.433333333333334
194,1,458,321,00:00:06.466666666666667
195,1,461,305,00:00:06.5
196,1,462,305,00:00:06.533333333333333
197,1,465,293,00:00:06.566666666666666
198,1,466,282,00:00:06.6
199,1,468,276,00:00:06.633333333333333
200,1,471,268,00:00:06.666666666666667
201,1,472,267,00:00:06.7
202,1,472,266,00:00:06.733333333333333
203,1,476,263,00:00:06.766666666666667
204,1,476,263,00:00:06.8
205,1,476,263,00:00:06.833333333333333
206,1,478,266,00:00:06.866666666666666
207,1,481,267,00:00:06.8999999999999995
208,1,481,268,00:00:06.933333333333334
209,1,481,271,00:00:06.966666666666667
210,1,483,276,00:00:07.0
211,1,483,280,00:00:07.033333333333333
212,1,486,278,00:00:07.066666666666666
213,1,493,281,00:00:07.1
214,1,493,278,00:00:07.133333333333333
215,1,493,276,00:00:07.166666666666667
216,1,491,273,00:00:07.2
217,1,491,276,00:00:07.233333333333333
218,1,488,278,00:00:07.266666666666667
219,1,488,281,00:00:07.3
220,1,488,281,00:00:07.333333333333333
221,1,487,286,00:00:07.366666666666666
222,1,486,291,00:00:07.3999999999999995
223,1,486,298,00:00:07.433333333333334
224,1,485,306,00:00:07.466666666666667
225,1,483,316,00:00:07.5
226,1,483,317,00:00:07.533333333333333
227,1,481,326,00:00:07.566666666666666
228,1,481,336,00:00:07.6
229,1,478,348,00:00:07.633333333333333
230,1,476,361,00:00:07.666666666666667
231,1,476,375,00:00:07.7
232,1,476,377,00:00:07.733333333333333
233,1,473,391,00:00:07.766666666666667
234,1,471,405,00:00:07.8
235,1,470,421,00:00:07.833333333333333
236,1,468,436,00:00:07.866666666666666
237,1,466,455,00:00:07.8999999999999995
238,1,466,456,00:00:07.933333333333334
239,1,468,461,00:00:07.966666666666667
240,1,486,430,00:00:08.0
241,1,497,408,00:00:08.033333333333333
242,1,508,392,00:00:08.066666666666666
243,1,517,376,00:00:08.1
244,1,518,375,00:00:08.133333333333333
245,1,523,363,00:00:08.166666666666666
246,1,528,351,00:00:08.2
247,1,533,340,00:00:08.233333333333333
248,1,540,333,00:00:08.266666666666666
249,1,543,328,00:00:08.3
250,1,543,328,00:00:08.333333333333334
251,1,551,325,00:00:08.366666666666667
252,1,556,323,00:00:08.4
253,1,560,322,00:00:08.433333333333334
254,1,565,323,00:00:08.466666666666667
255,1,566,326,00:00:08.5
256,1,568,326,00:00:08.533333333333333
257,1,572,328,00:00:08.566666666666666
258,1,576,331,00:00:08.6
259,1,581,336,00:00:08.633333333333333
260,1,586,345,00:00:08.666666666666666
261,1,588,353,00:00:08.7
262,1,588,353,00:00:08.733333333333333
263,1,591,360,00:00:08.766666666666666
264,0,0,0,00:00:08.8
265,0,0,0,00:00:08.833333333333334
266,0,0,0,00:00:08.866666666666667
267,0,0,0,00:00:08.9
268,0,0,0,00:00:08.933333333333334
269,1,667,345,00:00:08.966666666666667
270,1,686,338,00:00:09.0
271,1,701,333,00:00:09.033333333333333
272,1,713,330,00:00:09.066666666666666
273,1,727,327,00:00:09.1
274,1,728,327,00:00:09.133333333333333
275,1,737,327,00:00:09.166666666666666
276,1,748,330,00:00:09.2
277,1,758,332,00:00:09.233333333333333
278,1,768,336,00:00:09.266666666666666
279,1,776,342,00:00:09.3
280,1,777,343,00:00:09.333333333333334
281,1,783,348,00:00:09.366666666666667
282,1,791,356,00:00:09.4
283,1,798,363,00:00:09.433333333333334
284,1,795,307,00:00:09.466666666666667
285,0,0,0,00:00:09.5
286,0,0,0,00:00:09.533333333333333
287,1,781,216,00:00:09.566666666666666
288,1,776,183,00:00:09.6
289,1,773,161,00:00:09.633333333333333
290,1,770,141,00:00:09.666666666666666
291,1,767,125,00:00:09.7
292,1,766,123,00:00:09.733333333333333
293,1,763,116,00:00:09.766666666666666
294,1,761,105,00:00:09.8
295,1,761,98,00:00:09.833333333333334
296,1,757,91,00:00:09.866666666666667
297,0,0,0,00:00:09.9
298,0,0,0,00:00:09.933333333333334
299,0,0,0,00:00:09.966666666666667
300,1,751,87,00:00:10.0
301,1,750,88,00:00:10.033333333333333
302,1,748,91,00:00:10.066666666666666
303,1,746,93,00:00:10.1
304,1,746,95,00:00:10.133333333333333
305,1,746,98,00:00:10.166666666666666
306,1,745,106,00:00:10.2
307,1,743,111,00:00:10.233333333333333
308,1,741,120,00:00:10.266666666666666
309,1,741,128,00:00:10.3
310,1,741,128,00:00:10.333333333333334
311,1,741,136,00:00:10.366666666666667
312,1,740,147,00:00:10.4
313,1,738,160,00:00:10.433333333333334
314,1,738,171,00:00:10.466666666666667
315,1,738,183,00:00:10.5
316,1,738,183,00:00:10.533333333333333
317,1,738,195,00:00:10.566666666666666
318,1,741,211,00:00:10.6
319,1,756,226,00:00:10.633333333333333
320,1,763,238,00:00:10.666666666666666
321,1,772,253,00:00:10.7
322,1,773,253,00:00:10.733333333333333
323,1,778,263,00:00:10.766666666666666
324,1,786,277,00:00:10.8
325,1,791,291,00:00:10.833333333333334
326,1,796,305,00:00:10.866666666666667
327,1,801,318,00:00:10.9
328,1,801,318,00:00:10.933333333333334
329,1,803,331,00:00:10.966666666666667
330,1,808,347,00:00:11.0
331,1,811,363,00:00:11.033333333333333
332,1,813,380,00:00:11.066666666666666
333,1,816,396,00:00:11.1
334,1,817,398,00:00:11.133333333333333
335,1,818,413,00:00:11.166666666666666
336,1,821,431,00:00:11.2
337,1,823,451,00:00:11.233333333333333
338,1,823,471,00:00:11.266666666666666
339,1,826,491,00:00:11.3
340,1,825,491,00:00:11.333333333333334
341,1,827,507,00:00:11.366666666666667
342,1,827,487,00:00:11.4
343,1,827,452,00:00:11.433333333333334
344,1,827,428,00:00:11.466666666666667
345,1,826,408,00:00:11.5
346,1,826,406,00:00:11.533333333333333
347,1,826,388,00:00:11.566666666666666
348,1,826,371,00:00:11.6
349,1,826,358,00:00:11.633333333333333
350,1,826,348,00:00:11.666666666666666
351,1,826,340,00:00:11.7
352,1,826,338,00:00:11.733333333333333
353,1,826,333,00:00:11.766666666666666
354,1,823,328,00:00:11.8
355,1,823,323,00:00:11.833333333333334
356,1,823,321,00:00:11.866666666666667
357,0,0,0,00:00:11.9
358,0,0,0,00:00:11.933333333333334
359,0,0,0,00:00:11.966666666666667
360,1,821,321,00:00:12.0
361,1,821,323,00:00:12.033333333333333
362,1,821,327,00:00:12.066666666666666
363,1,821,333,00:00:12.1
364,1,821,333,00:00:12.133333333333333
365,1,821,338,00:00:12.166666666666666
366,1,821,347,00:00:12.2
367,1,821,356,00:00:12.233333333333333
368,1,821,365,00:00:12.266666666666666
369,1,823,368,00:00:12.3
370,1,822,368,00:00:12.333333333333334
371,1,826,360,00:00:12.366666666666667
372,1,831,346,00:00:12.4
373,1,831,338,00:00:12.433333333333334
374,1,831,331,00:00:12.466666666666667
375,1,833,330,00:00:12.5
376,1,833,328,00:00:12.533333333333333
377,1,835,328,00:00:12.566666666666666
378,1,837,330,00:00:12.6
379,1,837,327,00:00:12.633333333333333
380,1,838,330,00:00:12.666666666666666
381,1,837,331,00:00:12.7
382,1,837,331,00:00:12.733333333333333
383,1,837,336,00:00:12.766666666666666
384,1,838,341,00:00:12.8
385,1,838,346,00:00:12.833333333333334
386,1,841,351,00:00:12.866666666666667
387,1,841,360,00:00:12.9
388,1,841,361,00:00:12.933333333333334
389,1,842,371,00:00:12.966666666666667
390,1,843,381,00:00:13.0
391,1,843,396,00:00:13.033333333333333
392,1,842,408,00:00:13.066666666666666
393,1,842,426,00:00:13.1
394,1,842,430,00:00:13.133333333333333
395,1,841,437,00:00:13.166666666666666
396,1,818,343,00:00:13.2
397,1,796,225,00:00:13.233333333333333
398,1,778,142,00:00:13.266666666666666
399,0,0,0,00:00:13.299999999999999
400,0,0,0,00:00:13.333333333333334
401,1,752,21,00:00:13.366666666666667
402,0,0,0,00:00:13.4
403,0,0,0,00:00:13.433333333333334
404,0,0,0,00:00:13.466666666666667
405,0,0,0,00:00:13.5
406,0,0,0,00:00:13.533333333333333
407,0,0,0,00:00:13.566666666666666
408,0,0,0,00:00:13.6
409,1,832,446,00:00:13.633333333333333
410,0,0,0,00:00:13.666666666666666
411,0,0,0,00:00:13.7
412,0,0,0,00:00:13.733333333333333
413,0,0,0,00:00:13.766666666666666
414,0,0,0,00:00:13.799999999999999
415,0,0,0,00:00:13.833333333333334
416,0,0,0,00:00:13.866666666666667
417,0,0,0,00:00:13.9
418,0,0,0,00:00:13.933333333333334
419,0,0,0,00:00:13.966666666666667
420,0,0,0,00:00:14.0
421,0,0,0,00:00:14.033333333333333
422,0,0,0,00:00:14.066666666666666
423,0,0,0,00:00:14.1
424,0,0,0,00:00:14.133333333333333
425,0,0,0,00:00:14.166666666666666
426,0,0,0,00:00:14.2
427,0,0,0,00:00:14.233333333333333
428,0,0,0,00:00:14.266666666666666
429,0,0,0,00:00:14.299999999999999
430,0,0,0,00:00:14.333333333333334
431,0,0,0,00:00:14.366666666666667
432,0,0,0,00:00:14.4
433,0,0,0,00:00:14.433333333333334
434,1,901,125,00:00:14.466666666666667
435,0,0,0,00:00:14.5
436,0,0,0,00:00:14.533333333333333
437,1,343,592,00:00:14.566666666666666
438,1,231,20,00:00:14.6
439,0,0,0,00:00:14.633333333333333
440,1,495,287,00:00:14.666666666666666
441,0,0,0,00:00:14.7
442,0,0,0,00:00:14.733333333333333
443,0,0,0,00:00:14.766666666666666
444,1,326,602,00:00:14.799999999999999
445,1,533,172,00:00:14.833333333333334
446,1,543,173,00:00:14.866666666666667
447,1,103,673,00:00:14.9
448,1,101,675,00:00:14.933333333333334
449,1,566,176,00:00:14.966666666666667
450,1,575,176,00:00:15.0
451,1,586,176,00:00:15.033333333333333
452,1,596,176,00:00:15.066666666666666
453,1,426,580,00:00:15.1
454,1,427,580,00:00:15.133333333333333
455,1,431,580,00:00:15.166666666666666
456,1,577,81,00:00:15.2
457,1,577,117,00:00:15.233333333333333
458,1,575,157,00:00:15.266666666666666
459,0,0,0,00:00:15.299999999999999
460,0,0,0,00:00:15.333333333333334
461,0,0,0,00:00:15.366666666666667
462,1,611,226,00:00:15.4
463,1,616,242,00:00:15.433333333333334
464,1,621,258,00:00:15.466666666666667
465,1,626,273,00:00:15.5
466,1,625,275,00:00:15.533333333333333
467,1,628,288,00:00:15.566666666666666
468,1,631,302,00:00:15.6
469,1,636,316,00:00:15.633333333333333
470,1,636,332,00:00:15.666666666666666
471,0,0,0,00:00:15.7
472,0,0,0,00:00:15.733333333333333
473,1,638,361,00:00:15.766666666666666
474,1,640,377,00:00:15.799999999999999
475,1,641,396,00:00:15.833333333333334
476,1,641,411,00:00:15.866666666666667
477,0,0,0,00:00:15.9
478,0,0,0,00:00:15.933333333333334
479,0,0,0,00:00:15.966666666666667
480,0,0,0,00:00:16.0
481,1,673,425,00:00:16.03333333333333
482,1,685,403,00:00:16.066666666666666
483,1,696,383,00:00:16.1
484,1,697,381,00:00:16.133333333333333
485,1,706,368,00:00:16.166666666666668
486,1,721,357,00:00:16.2
487,1,731,348,00:00:16.233333333333334
488,1,740,341,00:00:16.266666666666666
489,1,746,336,00:00:16.3
490,1,747,336,00:00:16.333333333333332
491,1,756,331,00:00:16.366666666666667
492,1,765,328,00:00:16.4
493,1,771,328,00:00:16.433333333333334
494,1,778,330,00:00:16.466666666666665
495,1,785,331,00:00:16.5
496,1,786,331,00:00:16.53333333333333
497,1,791,333,00:00:16.566666666666666
498,1,796,338,00:00:16.6
499,1,803,345,00:00:16.633333333333333
500,1,808,351,00:00:16.666666666666668
501,1,813,360,00:00:16.7
502,1,815,360,00:00:16.733333333333334
503,1,817,365,00:00:16.766666666666666
504,1,823,377,00:00:16.8
505,1,828,387,00:00:16.833333333333332
506,1,831,398,00:00:16.866666666666667
507,1,837,390,00:00:16.9
508,1,838,388,00:00:16.933333333333334
509,1,841,376,00:00:16.966666666666665
510,1,842,366,00:00:17.0
511,1,845,353,00:00:17.03333333333333
512,1,846,346,00:00:17.066666666666666
513,0,0,0,00:00:17.1
514,0,0,0,00:00:17.133333333333333
515,0,0,0,00:00:17.166666666666668
516,1,850,343,00:00:17.2
517,1,851,343,00:00:17.233333333333334
518,1,853,346,00:00:17.266666666666666
519,1,856,346,00:00:17.3
520,1,856,346,00:00:17.333333333333332
521,1,856,351,00:00:17.366666666666667
522,1,858,356,00:00:17.4
523,1,858,361,00:00:17.433333333333334
524,1,858,370,00:00:17.466666666666665
525,1,861,378,00:00:17.5
526,1,860,380,00:00:17.53333333333333
527,1,861,388,00:00:17.566666666666666
528,1,861,401,00:00:17.6
529,1,861,411,00:00:17.633333333333333
530,1,861,426,00:00:17.666666666666668
531,1,830,400,00:00:17.7
532,1,828,398,00:00:17.733333333333334
533,1,797,351,00:00:17.766666666666666
534,1,766,313,00:00:17.8
535,1,741,285,00:00:17.833333333333332
536,1,718,260,00:00:17.866666666666667
537,1,703,241,00:00:17.9
538,1,702,238,00:00:17.933333333333334
539,1,683,221,00:00:17.966666666666665
540,1,667,206,00:00:18.0
541,1,653,195,00:00:18.03333333333333
542,1,638,186,00:00:18.066666666666666
543,1,630,178,00:00:18.1
544,1,628,178,00:00:18.133333333333333
545,1,617,173,00:00:18.166666666666668
546,1,607,168,00:00:18.2
547,1,597,166,00:00:18.233333333333334
548,1,587,166,00:00:18.266666666666666
549,1,578,165,00:00:18.3
550,1,578,166,00:00:18.333333333333332
551,1,571,166,00:00:18.366666666666667
552,1,563,168,00:00:18.4
553,1,556,172,00:00:18.433333333333334
554,1,548,177,00:00:18.466666666666665
555,1,543,183,00:00:18.5
556,1,541,183,00:00:18.53333333333333
557,1,536,191,00:00:18.566666666666666
558,1,530,197,00:00:18.6
559,1,523,206,00:00:18.633333333333333
560,1,518,216,00:00:18.666666666666668
561,1,515,226,00:00:18.7
562,1,513,227,00:00:18.733333333333334
563,1,508,236,00:00:18.766666666666666
564,1,505,248,00:00:18.8
565,1,505,260,00:00:18.833333333333332
566,1,538,262,00:00:18.866666666666667
567,1,517,402,00:00:18.9
568,0,0,0,00:00:18.933333333333334
569,1,586,262,00:00:18.966666666666665
570,1,607,266,00:00:19.0
571,1,625,270,00:00:19.03333333333333
572,1,641,273,00:00:19.066666666666666
573,1,653,280,00:00:19.1
574,1,655,280,00:00:19.133333333333333
575,1,665,286,00:00:19.166666666666668
576,1,678,293,00:00:19.2
577,1,688,301,00:00:19.233333333333334
578,1,700,311,00:00:19.266666666666666
579,1,707,322,00:00:19.3
580,1,710,322,00:00:19.333333333333332
581,1,716,331,00:00:19.366666666666667
582,1,726,342,00:00:19.4
583,1,735,356,00:00:19.433333333333334
584,1,741,368,00:00:19.466666666666665
585,0,0,0,00:00:19.5
586,0,0,0,00:00:19.53333333333333
587,1,755,345,00:00:19.566666666666666
588,1,761,336,00:00:19.6
589,1,763,327,00:00:19.633333333333333
590,1,766,321,00:00:19.666666666666668
591,1,768,318,00:00:19.7
592,1,770,317,00:00:19.733333333333334
593,1,773,316,00:00:19.766666666666666
594,1,776,316,00:00:19.8
595,1,776,316,00:00:19.833333333333332
596,1,778,318,00:00:19.866666666666667
597,1,781,321,00:00:19.9
598,1,781,321,00:00:19.933333333333334
599,1,782,325,00:00:19.966666666666665
600,1,786,326,00:00:20.0
601,1,793,303,00:00:20.03333333333333
602,1,803,287,00:00:20.066666666666666
603,1,807,276,00:00:20.1
604,1,808,276,00:00:20.133333333333333
605,1,813,268,00:00:20.166666666666668
606,1,818,261,00:00:20.2
607,1,821,256,00:00:20.233333333333334
608,1,826,253,00:00:20.266666666666666
609,1,826,251,00:00:20.3
610,1,828,251,00:00:20.333333333333332
611,1,831,251,00:00:20.366666666666667
612,1,833,253,00:00:20.4
613,1,835,256,00:00:20.433333333333334
614,1,836,261,00:00:20.466666666666665
615,1,837,266,00:00:20.5
616,1,838,266,00:00:20.53333333333333
617,1,838,271,00:00:20.566666666666666
618,1,841,281,00:00:20.6
619,1,841,291,00:00:20.633333333333333
620,1,841,301,00:00:20.666666666666668
621,1,841,313,00:00:20.7
622,1,841,313,00:00:20.733333333333334
623,1,842,323,00:00:20.766666666666666
624,1,837,390,00:00:20.8
625,1,838,402,00:00:20.833333333333332
626,1,838,363,00:00:20.866666666666667
627,0,0,0,00:00:20.9
628,0,0,0,00:00:20.933333333333334
629,1,642,333,00:00:20.966666666666665
630,1,623,340,00:00:21.0
631,1,611,343,00:00:21.03333333333333
632,1,598,348,00:00:21.066666666666666
633,1,588,355,00:00:21.1
634,1,588,355,00:00:21.133333333333333
635,1,581,360,00:00:21.166666666666668
636,1,572,366,00:00:21.2
637,1,565,373,00:00:21.233333333333334
638,1,557,362,00:00:21.266666666666666
639,1,557,345,00:00:21.3
640,1,557,343,00:00:21.333333333333332
641,1,560,331,00:00:21.366666666666667
642,1,557,321,00:00:21.4
643,1,553,315,00:00:21.433333333333334
644,1,551,307,00:00:21.466666666666665
645,1,551,302,00:00:21.5
646,1,551,301,00:00:21.53333333333333
647,1,550,298,00:00:21.566666666666666
648,1,548,296,00:00:21.6
649,1,546,296,00:00:21.633333333333333
650,1,543,296,00:00:21.666666666666668
651,1,541,296,00:00:21.7
652,1,541,298,00:00:21.733333333333334
653,1,541,301,00:00:21.766666666666666
654,1,538,306,00:00:21.8
655,1,537,311,00:00:21.833333333333332
656,1,536,318,00:00:21.866666666666667
657,1,536,327,00:00:21.9
658,1,533,328,00:00:21.933333333333334
659,1,531,336,00:00:21.966666666666665
660,1,531,348,00:00:22.0
661,1,528,361,00:00:22.03333333333333
662,1,526,373,00:00:22.066666666666666
663,1,526,386,00:00:22.1
664,1,526,386,00:00:22.133333333333333
665,1,523,401,00:00:22.166666666666668
666,1,521,416,00:00:22.2
667,1,632,388,00:00:22.233333333333334
668,1,631,387,00:00:22.266666666666666
669,0,0,0,00:00:22.3
670,0,0,0,00:00:22.333333333333332
671,0,0,0,00:00:22.366666666666667
672,0,0,0,00:00:22.4
673,1,520,393,00:00:22.433333333333334
674,1,523,322,00:00:22.466666666666665
675,0,0,0,00:00:22.5
676,0,0,0,00:00:22.53333333333333
677,1,528,221,00:00:22.566666666666666
678,1,531,183,00:00:22.6
679,1,533,151,00:00:22.633333333333333
680,1,535,125,00:00:22.666666666666668
681,1,538,102,00:00:22.7
682,0,0,0,00:00:22.733333333333334
683,1,537,82,00:00:22.766666666666666
684,1,540,63,00:00:22.8
685,1,540,48,00:00:22.833333333333332
686,1,541,36,00:00:22.866666666666667
687,1,541,25,00:00:22.9
688,1,542,25,00:00:22.933333333333334
689,1,543,20,00:00:22.966666666666665
690,1,545,11,00:00:23.0
691,1,545,6,00:00:23.03333333333333
692,1,543,5,00:00:23.066666666666666
693,0,0,0,00:00:23.1
694,0,0,0,00:00:23.133333333333333
695,0,0,0,00:00:23.166666666666668
696,1,548,3,00:00:23.2
697,1,550,3,00:00:23.233333333333334
698,1,551,6,00:00:23.266666666666666
699,1,551,8,00:00:23.3
700,1,551,8,00:00:23.333333333333332
701,1,551,13,00:00:23.366666666666667
702,1,555,21,00:00:23.4
703,1,556,28,00:00:23.433333333333334
704,1,556,36,00:00:23.466666666666665
705,1,557,47,00:00:23.5
706,1,558,48,00:00:23.53333333333333
707,1,558,56,00:00:23.566666666666666
708,1,560,67,00:00:23.6
709,1,561,81,00:00:23.633333333333333
710,1,561,93,00:00:23.666666666666668
711,1,562,106,00:00:23.7
712,1,562,107,00:00:23.733333333333334
713,1,563,120,00:00:23.766666666666666
714,1,563,133,00:00:23.8
715,1,565,148,00:00:23.833333333333332
716,1,565,163,00:00:23.866666666666667
717,1,566,178,00:00:23.9
718,1,566,181,00:00:23.933333333333334
719,1,565,192,00:00:23.966666666666665
720,1,558,216,00:00:24.0
721,1,548,226,00:00:24.03333333333333
722,1,540,236,00:00:24.066666666666666
723,1,533,247,00:00:24.1
724,1,533,248,00:00:24.133333333333333
725,1,528,257,00:00:24.166666666666668
726,1,521,271,00:00:24.2
727,1,518,281,00:00:24.233333333333334
728,1,513,293,00:00:24.266666666666666
729,1,511,305,00:00:24.3
730,1,508,306,00:00:24.333333333333332
731,1,506,316,00:00:24.366666666666667
732,1,501,331,00:00:24.4
733,1,498,346,00:00:24.433333333333334
734,1,495,361,00:00:24.466666666666665
735,1,491,373,00:00:24.5
736,1,491,376,00:00:24.53333333333333
737,1,488,390,00:00:24.566666666666666
738,1,483,406,00:00:24.6
739,1,481,423,00:00:24.633333333333333
740,1,478,441,00:00:24.666666666666668
741,1,476,457,00:00:24.7
742,1,476,461,00:00:24.733333333333334
743,1,472,478,00:00:24.766666666666666
744,1,471,493,00:00:24.8
745,1,466,463,00:00:24.833333333333332
746,1,461,436,00:00:24.866666666666667
747,1,460,416,00:00:24.9
748,1,460,412,00:00:24.933333333333334
749,1,461,396,00:00:24.966666666666665
750,1,461,377,00:00:25.0
751,1,461,363,00:00:25.03333333333333
752,1,458,353,00:00:25.066666666666666
753,1,456,346,00:00:25.1
754,1,456,343,00:00:25.133333333333333
755,1,456,337,00:00:25.166666666666668
756,1,453,331,00:00:25.2
757,1,451,325,00:00:25.233333333333334
758,1,451,321,00:00:25.266666666666666
759,0,0,0,00:00:25.3
760,0,0,0,00:00:25.333333333333332
761,0,0,0,00:00:25.366666666666667
762,1,448,318,00:00:25.4
763,1,447,321,00:00:25.433333333333334
764,1,446,325,00:00:25.466666666666665
765,1,446,328,00:00:25.5
766,1,446,331,00:00:25.53333333333333
767,1,446,336,00:00:25.566666666666666
768,1,443,345,00:00:25.6
769,1,443,352,00:00:25.633333333333333
770,1,443,361,00:00:25.666666666666668
771,1,442,373,00:00:25.7
772,1,441,373,00:00:25.733333333333334
773,1,441,383,00:00:25.766666666666666
774,0,0,0,00:00:25.8
775,0,0,0,00:00:25.833333333333332
776,1,438,386,00:00:25.866666666666667
777,1,437,370,00:00:25.9
778,1,436,368,00:00:25.933333333333334
779,1,436,361,00:00:25.966666666666665
780,1,437,355,00:00:26.0
781,1,438,351,00:00:26.03333333333333
782,1,438,346,00:00:26.066666666666666
783,1,438,341,00:00:26.099999999999998
784,1,436,341,00:00:26.133333333333333
785,1,436,337,00:00:26.166666666666668
786,1,433,336,00:00:26.2
787,1,433,336,00:00:26.233333333333334
788,1,431,338,00:00:26.266666666666666
789,1,431,338,00:00:26.3
790,1,432,340,00:00:26.333333333333332
791,1,433,341,00:00:26.366666666666667
792,1,433,346,00:00:26.4
793,1,433,353,00:00:26.433333333333334
794,1,431,361,00:00:26.466666666666665
795,1,431,371,00:00:26.5
796,1,428,372,00:00:26.53333333333333
797,1,428,381,00:00:26.566666666666666
798,1,426,392,00:00:26.599999999999998
799,1,425,406,00:00:26.633333333333333
800,1,423,418,00:00:26.666666666666668
801,1,418,417,00:00:26.7
802,0,0,0,00:00:26.733333333333334
803,1,428,345,00:00:26.766666666666666
804,1,428,292,00:00:26.8
805,1,428,248,00:00:26.833333333333332
806,1,430,212,00:00:26.866666666666667
807,1,433,182,00:00:26.9
808,0,0,0,00:00:26.933333333333334
809,1,430,155,00:00:26.966666666666665
810,1,431,130,00:00:27.0
811,1,431,108,00:00:27.03333333333333
812,1,431,93,00:00:27.066666666666666
813,0,0,0,00:00:27.099999999999998
814,0,0,0,00:00:27.133333333333333
815,0,0,0,00:00:27.166666666666668
816,0,0,0,00:00:27.2
817,0,0,0,00:00:27.233333333333334
818,1,433,38,00:00:27.266666666666666
819,0,0,0,00:00:27.3
820,0,0,0,00:00:27.333333333333332
821,0,0,0,00:00:27.366666666666667
822,1,433,23,00:00:27.4
823,0,0,0,00:00:27.433333333333334
824,0,0,0,00:00:27.466666666666665
825,1,436,23,00:00:27.5
826,1,436,25,00:00:27.53333333333333
827,1,436,27,00:00:27.566666666666666
828,1,438,31,00:00:27.599999999999998
829,1,438,36,00:00:27.633333333333333
830,1,440,41,00:00:27.666666666666668
831,0,0,0,00:00:27.7
832,0,0,0,00:00:27.733333333333334
833,0,0,0,00:00:27.766666666666666
834,0,0,0,00:00:27.8
835,0,0,0,00:00:27.833333333333332
836,1,446,90,00:00:27.866666666666667
837,1,448,105,00:00:27.9
838,1,447,106,00:00:27.933333333333334
839,1,448,116,00:00:27.966666666666665
840,1,448,128,00:00:28.0
841,1,451,142,00:00:28.03333333333333
842,1,451,156,00:00:28.066666666666666
843,1,451,171,00:00:28.099999999999998
844,1,451,173,00:00:28.133333333333333
845,1,453,186,00:00:28.166666666666668
846,1,453,201,00:00:28.2
847,1,457,220,00:00:28.233333333333334
848,0,0,0,00:00:28.266666666666666
849,0,0,0,00:00:28.3
850,0,0,0,00:00:28.333333333333332
851,1,562,246,00:00:28.366666666666667
852,1,587,255,00:00:28.4
853,1,607,261,00:00:28.433333333333334
854,1,628,271,00:00:28.466666666666665
855,0,0,0,00:00:28.5
856,1,650,283,00:00:28.53333333333333
857,1,660,290,00:00:28.566666666666666
858,1,676,301,00:00:28.599999999999998
859,1,690,313,00:00:28.633333333333333
860,1,701,323,00:00:28.666666666666668
861,1,715,337,00:00:28.7
862,1,715,338,00:00:28.733333333333334
863,1,723,348,00:00:28.766666666666666
864,1,736,363,00:00:28.8
865,1,746,376,00:00:28.833333333333332
866,1,753,392,00:00:28.866666666666667
867,1,761,408,00:00:28.9
868,1,762,408,00:00:28.933333333333334
869,1,770,423,00:00:28.966666666666665
870,1,776,441,00:00:29.0
871,1,783,460,00:00:29.03333333333333
872,1,791,476,00:00:29.066666666666666
873,1,796,496,00:00:29.099999999999998
874,1,796,497,00:00:29.133333333333333
875,1,801,513,00:00:29.166666666666668
876,0,0,0,00:00:29.2
877,1,808,462,00:00:29.233333333333334
878,1,806,436,00:00:29.266666666666666
879,1,803,417,00:00:29.3
880,1,803,413,00:00:29.333333333333332
881,1,801,393,00:00:29.366666666666667
882,1,801,376,00:00:29.4
883,1,801,361,00:00:29.433333333333334
884,1,800,350,00:00:29.466666666666665
885,1,798,340,00:00:29.5
886,1,798,338,00:00:29.53333333333333
887,1,798,331,00:00:29.566666666666666
888,1,796,321,00:00:29.599999999999998
889,1,796,316,00:00:29.633333333333333
890,1,793,311,00:00:29.666666666666668
891,1,793,310,00:00:29.7
892,1,793,310,00:00:29.733333333333334
893,1,791,307,00:00:29.766666666666666
894,1,791,306,00:00:29.8
895,1,790,306,00:00:29.833333333333332
896,1,788,308,00:00:29.866666666666667
897,1,787,311,00:00:29.9
898,1,787,313,00:00:29.933333333333334
899,1,786,316,00:00:29.966666666666665
900,1,786,325,00:00:30.0
901,1,786,331,00:00:30.03333333333333
902,1,783,341,00:00:30.066666666666666
903,1,782,352,00:00:30.099999999999998
904,1,782,353,00:00:30.133333333333333
905,1,781,361,00:00:30.166666666666668
906,1,781,373,00:00:30.2
907,1,780,386,00:00:30.233333333333334
908,1,778,398,00:00:30.266666666666666
909,1,785,391,00:00:30.3
910,1,785,390,00:00:30.333333333333332
911,1,791,373,00:00:30.366666666666667
912,1,791,361,00:00:30.4
913,1,796,356,00:00:30.433333333333334
914,1,801,350,00:00:30.466666666666665
915,1,803,343,00:00:30.5
916,1,803,343,00:00:30.53333333333333
917,1,806,338,00:00:30.566666666666666
918,1,810,336,00:00:30.599999999999998
919,1,811,333,00:00:30.633333333333333
920,1,813,333,00:00:30.666666666666668
921,1,816,333,00:00:30.7
922,1,816,333,00:00:30.733333333333334
923,1,818,336,00:00:30.766666666666666
924,1,820,341,00:00:30.8
925,1,821,346,00:00:30.833333333333332
926,1,823,351,00:00:30.866666666666667
927,1,821,357,00:00:30.9
928,1,821,358,00:00:30.933333333333334
929,1,821,366,00:00:30.966666666666665
930,1,823,376,00:00:31.0
931,1,823,386,00:00:31.03333333333333
932,1,826,397,00:00:31.066666666666666
933,1,828,410,00:00:31.099999999999998
934,1,828,410,00:00:31.133333333333333
935,1,831,423,00:00:31.166666666666668
936,1,813,352,00:00:31.2
937,1,806,310,00:00:31.233333333333334
938,1,801,276,00:00:31.266666666666666
939,1,793,245,00:00:31.3
940,0,0,0,00:00:31.333333333333332
941,1,790,220,00:00:31.366666666666667
942,1,783,195,00:00:31.4
943,1,778,176,00:00:31.433333333333334
944,1,773,160,00:00:31.466666666666665
945,1,767,145,00:00:31.5
946,1,766,142,00:00:31.53333333333333
947,1,761,133,00:00:31.566666666666666
948,1,753,122,00:00:31.599999999999998
949,1,748,115,00:00:31.633333333333333
950,1,741,108,00:00:31.666666666666668
951,1,736,103,00:00:31.7
952,1,735,102,00:00:31.733333333333334
953,1,728,101,00:00:31.766666666666666
954,1,722,98,00:00:31.8
955,1,716,98,00:00:31.833333333333332
956,1,711,98,00:00:31.866666666666667
957,1,706,101,00:00:31.9
958,1,705,101,00:00:31.933333333333334
959,1,701,105,00:00:31.966666666666665
960,1,696,110,00:00:32.0
961,1,691,116,00:00:32.03333333333333
962,1,685,123,00:00:32.06666666666666
963,1,681,131,00:00:32.1
964,1,680,131,00:00:32.13333333333333
965,1,676,138,00:00:32.166666666666664
966,1,671,150,00:00:32.2
967,1,666,161,00:00:32.233333333333334
968,1,663,171,00:00:32.266666666666666
969,1,661,187,00:00:32.3
970,1,661,188,00:00:32.333333333333336
971,1,658,198,00:00:32.36666666666667
972,1,656,213,00:00:32.4
973,1,656,228,00:00:32.43333333333333
974,1,653,246,00:00:32.46666666666667
975,0,0,0,00:00:32.5
976,0,0,0,00:00:32.53333333333333
977,0,0,0,00:00:32.56666666666666
978,1,673,355,00:00:32.6
979,0,0,0,00:00:32.63333333333333
980,0,0,0,00:00:32.666666666666664
981,0,0,0,00:00:32.7
982,0,0,0,00:00:32.733333333333334
983,0,0,0,00:00:32.766666666666666
984,0,0,0,00:00:32.8
985,0,0,0,00:00:32.833333333333336
986,1,636,541,00:00:32.86666666666667
987,1,626,556,00:00:32.9
988,1,623,557,00:00:32.93333333333333
989,1,618,573,00:00:32.96666666666667
990,1,612,571,00:00:33.0
991,1,608,571,00:00:33.03333333333333
992,1,598,570,00:00:33.06666666666666
993,1,601,571,00:00:33.1
994,1,601,571,00:00:33.13333333333333
995,1,598,575,00:00:33.166666666666664
996,1,596,581,00:00:33.2
997,1,595,585,00:00:33.233333333333334
998,1,592,588,00:00:33.266666666666666
999,1,591,586,00:00:33.3
1000,1,591,588,00:00:33.333333333333336
1001,1,591,590,00:00:33.36666666666667
1002,1,591,591,00:00:33.4
1003,1,591,592,00:00:33.43333333333333
1004,1,591,593,00:00:33.46666666666667
1005,1,590,593,00:00:33.5
1006,1,590,593,00:00:33.53333333333333
1007,1,591,593,00:00:33.56666666666666
1008,1,591,593,00:00:33.6
1009,1,591,595,00:00:33.63333333333333
1010,1,593,596,00:00:33.666666666666664
1011,1,591,596,00:00:33.7
1012,1,591,596,00:00:33.733333333333334
1013,1,591,596,00:00:33.766666666666666
